examples/docs/component/map/assets/wind-particle/wind.json
{"header": { "parameterCategory": 2, "parameterNumber": 2, "nx": 281, "ny": 204, "lo1": 105.289759, "la1": 28.161339, "lo2": 110.198876, "la2": 32.201187, "dx": 0.017532560714285696, "dy": 0.019900729064039387 }, "data":
[rows 133 to 151 of 204, columns 44 to 87 of 281]
0,-0.4999999999999998,0,0,0.30901699437494773,0.3583679495453008,0,-0.1736481776669303,-0.15643446504023104,-0.13917310096006513,-0.4499021086877296,-1.0751038486359008,-1.6904730469627973,-1.815961998958187,-1.8778862511435621,-2.060152299640217,-2.2943057454041833,3.564026096753472,3.3161502902201665,3.018838320891089,2.5711504387461583,1.815961998958188,0.7764571353075649,0.15700786872883063,-0.2614672282429733,-0.5566924038402578,-1.294095225512601,-1.7101007166283402,-1.7918397477265013,-1.7918397477265013,-1.433471798181201,-1.408414688357671,-1.2036300463040972,-2.3314378843709114,-0.5566924038402633,0.7821723252011534,2.4404198584547987,3.914350324295229,5.248472231924056,5.850829612953361,6.304086028853776,6.553216354311933,5.80326300788529,5.032023407672544
2.1918557339453892,3.3456530317942947,3.656768508095852,3.71572412738697,3.656768508095852,3.71572412738697,2.8773592013546048,2.727993440249996,2.727993440249996,2.8773592013546048,2.4270509831248415,-1.0300761498201085,-0.24373868681029473,0.31286893008046185,0.6511363089143135,1.0000000000000002,1.3893167409179947,1.6383040885779836,1.677341135890848,2.516011703836272,2.673019572565104,2.9108871788279895,1.9996953903127825,1.9987816540381915,2.8365557267979504,3.531790371435708,4.330127018922194,5.196152422706632,6.12233794997577,6.062177826491071,5.870693975617968,4.854101966249685,4.596266658713868,5.0353786023705585,6.894399988070802,10.10289749894062,9.583626120567514,7.092096782460497,5.663118960624632,4.6628757687418245,4.596266658713868,5.0345631283987,1.1025494232679993,0.9676875823986751
4.373098535696981,4.45503262094184,4.493970231495835,4.531538935183251,-2.938926261462365,-2.1785561400601083,-1.939238480985348,-1.6904730469627973,-1.1694868188909466,-0.6945927106677212,-0.6257378601609241,-0.8998042173754592,-1.2360679774997894,-1.4984263736636483,-1.75348458715631,-1.4999999999999993,-1.805445069456145,2.516011703836273,2.264128740668317,1.3121180579810148,1.3382612127177178,1.4142135623730954,1.8126155740733005,-0.24373868681029473,0.7764571353075622,1.1238197802477365,1.5897577926996147,1.9283628290596182,2.229434476432183,2.264128740668316,2.972579301909577,2.8773592013546048,2.229434476432183,1.846984425976975,1.0300761498201088,0.17364817766693041,-0.46947156278589053,0.8571673007021128,0.743144825477394,0.5150380749100538,0.39073112848927394,0.453990499739547,0.9696192404926739,0.6511363089143135
-0.10471443862369806,-0.7312160604308802,-0.7312160604308802,-0.5226423163382644,-0.8682408883346493,-1.2096094779983408,-2.3941410032796764,-3.286300939501232,-3.267834210090159,-3.213938048432699,-3.2802951449525346,-3.009075115760243,-2.676522425435434,-2.544144288469279,0.4181138530706155,2.0000000000000004,3.7157241273869683,3.3921923846257034,2.8007412794916045,2.7406363729278027,2.457456132866975,3.0188383208910876,3.409991800312493,3.355157420824482,2.908857721478024,3.1779334981768264,3.286300939501233,3.1779334981768264,2.4404198584547987,1.7542302283364202,0.5226423163382694,-0.6958655048003292,-2.9725793019095743,-2.3473578139294515,-1.1247552717193239,-0.4185388424647506,0.24429647691750617,0.48829531620887995,0.7316992428735742,1.1133848076805204,0.9749547472411784,0.8362277061412278,0.5580517899530056,0.41868764994354835
4.24024048078213,6.857338405616899,6.180633150012489,4.414737964294635,5.196152422706632,4.974225435330251,5.362311101832846,6.304086028853775,8.044890717810874,8.426488874308758,7.912737803725163,8.485281374238571,7.641242075048971,6.819983600624985,6.2932039104983755,0.743144825477394,0.7071067811865477,0.8134732861516004,0.5724269861296342,0.6257378601609211,0.5566924038402602,0.6945927106677218,0.9676875823986751,1.1238197802477372,1.4544288607390108,1.4084146883576727,2.0601522996402153,2.2367716138829894,2.407260092608196,2.4626459013026354,2.727993440249996,3.018838320891089,3.152043014426887,3.1945420401891704,3.276608177155967,3.1085838458278836,3.152043014426887,3.1085838458278836,3.0641777724759125,3.018838320891089,3.0641777724759125,3.0641777724759125,3.2360679774997885,3.276608177155967
2.7189233611099497,2.673019572565104,2.673019572565104,2.7815515637003623,2.8837850878149567,2.9231101943557056,2.897777478867205,2.8531695488854605,2.8007412794916053,2.7815515637003623,2.8531695488854605,2.897777478867205,1.969615506024416,1.9972590695091477,0.9986295347545739,0,0,0,0.20791169081775993,0,0.6427876096865396,1.2855752193730792,1.4386796006773024,1.5760215072134436,0.6946583704589976,0.5446390350150271,0.5150380749100538,0.629320391049838,0.9063077870366503,-1.0598385284664096,-1.9999999999999991,-2.4240481012316852,-2.1785561400601083,-2.938926261462365,-3.69396885195395,5.392764277795003,5.437846722219902,-2.8678821817552294,-3.009075115760242,5.437846722219902,4.240240480782133,3.993177550236463,3.5355339059327386,2.4626459013026354
-2.298133329356932,-0.7632359815061784,-0.3487823687206279,0.10471443862369878,0.4185388424647513,0.6100901992336052,0.6100901992336052,0.41868764994354446,0.13961925149826504,-0.2791959736200061,-0.697245941981266,-1.2525579086405925,-1.7172809583889015,-6.99695765711517,-7.548035111508817,-7.281152949374525,-6.389084080378338,-6.389084080378338,-5.734064310022937,-5.870693975617968,-5.088288576938558,-5.088288576938558,-4.193352839727121,-4.193352839727121,-4.145187862775207,-4.145187862775207,-4.193352839727121,-3.428669202808448,-0.7257656867990033,-0.6237350724532793,-0.3816179907530892,-0.4158233816355196,-0.4158233816355196,-0.017452406437283498,0.42261826174069883,0.9455185755993168,1.9805361374831407,2.934442802201417,2.9835656861048196,2.977638454923966,2.8531695488854605,2.7406363729278027,2.781551563700362,2.897777478867205
1.0598385284664087,1.4142135623730954,1.6383040885779836,1.7143346014042256,1.7143346014042256,1.8126155740733005,-0.5446390350150271,-0.46947156278589053,-0.484809620246337,-0.9389431255717811,-0.9389431255717811,-0.9389431255717811,-1.454428860739011,-1.5451142247301628,-1.4999999999999993,-1.4084146883576716,-1.3151134403672327,-0.8134732861516002,-0.9389431255717811,-1.0300761498201085,-0.484809620246337,-0.5591929034707467,1.7492394142787921,1.6580751451100832,1.6383040885779836,1.6960961923128532,1.7658951857178544,-1.1471528727020917,-0.3907311284892736,-0.08715574274765824,0.30901699437494745,0.7071067811865476,1.532088886237956,1.2313229506513166,1.3619714992186407,0.8269120674509975,0.1570078687288319,-0.5566924038402605,-0.87711511416821,-1.0751038486359008,-0.9079809994790935,-1.1471528727020917,1.5972710200945852,0.46947156278589086
-2.2367716138829867,-3.4999999999999982,-4.239354113865638,-4.357112280120217,-4.588611490808367,-4.357112280120217,-4.239354113865638,-3.0902284494603256,-3.0902284494603256,-2.649596321166024,-2.2943057454041833,-2.462645901302633,3.531790371435709,3.3546822717816975,3.152043014426887,2.7786334818359903,2.351141009169896,1.815961998958188,1.302272617828627,0.899804217375465,0.5566924038402602,0.2790258949765028,0.08726203218641809,-0.17449748351250133,-0.4185388424647506,-0.6271707796059173,-0.6271707796059173,-0.8350386057603867,-0.8530854038360268,-0.6100901992336043,-0.12216684506098106,0.27919597362000703,0.697245941981267,1.2514757203218423,1.5264719630123578,1.6632935265420794,1.9353751647973503,2.070552360820173,2.4404198584548014,3.1466019552491895,3.773547901113861,3.656768508095852,3.8302222155948904,3.773547901113861
-3.94005376803361,-3.830222215594886,-4.596266658713864,-4.316038802031905,-3.936354173943042,-3.5267115137548375,-2.060152299640216,-1.030076149820108,-0.819152044288991,0.342020143325669,1.312118057981014,1.677341135890848,1.8126155740733,1.9225233918766378,1.985092303282644,1.9987816540381915,1.963254366895328,2.8365557267979504,2.8190778623577253,2.6963821388975013,3.595176185196668,2.8007412794916053,3.7087354182671497,3.8637033051562732,2.9630650217854133,2.944881550342992,3.5640260967534716,3.354682271781696,3.993177550236464,3.885729807284854,3.715724127386971,4.6628757687418245,6.474058203047861,4.683914244512008,4.77398852043749,7.0710678118654755,6.251925334130976,5.2900672706322585,0.43837114678907746,0.8134732861516007,1.2313229506513166,1.462707403238341,0.9063077870366499,0.9902680687415704
0.06975647374412523,0.22495105434386514,0.29237170472273677,0.3420201433256688,0.31286893008046185,-0.27834620192013027,-1.0260604299770062,-1.2202099292274002,-1.815961998958187,-2.499999999999999,-2.5751903745502713,-2.462645901302633,2.5715019021063386,2.0073918190765765,1.2202099292274007,0.6237350724532797,1.2246467991473533e-15,-0.34862297099063105,-0.2790258949765004,1.2246467991473533e-15,0.899804217375465,1.9392384809853478,2.045995080187497,-1.2036300463040968,-0.034904812874566954,0.8452365234813989,1.1755705045849463,2.0459950801874953,2.4574561328669753,2.8689142678891066,1.940591452551993,1.5972710200945857,1.2855752193730785,1.63391710504508,1.589757792699614,1.8469844259769737,1.5094191604455438,1.827090915285202,1.9972590695091479,1.9318516525781366,1.677341135890848,1.258640782099675,0.7492131868318244,0.6237350724532778
0.3486229709906335,0.4874773736205892,0.6945927106677218,0.9676875823986751,1.5629245139570958,2.9389262614623703,3.5355339059327386,3.409991800312495,3.7759223462990277,4.114496766047318,3.693968851953953,3.656768508095852,4.285836503510564,3.464101615137756,3.0641777724759125,2.8284271247461907,2.5711504387461583,2.2367716138829894,1.3151134403672335,1.3151134403672335,1.9392384809853478,2.269952498697735,1.873032967079562,1.8541019662496865,1.4515313735980127,0.8350386057603902,1.5308084989341915e-15,-0.34878236872062546,-0.5229344564859466,-0.9742117067204511,-1.4553818357243213,-2.0705523608201615,-1.9294614907189949,-2.0466019330591623,-2.0466019330591623,-1.9294614907189949,-1.8117333157176412,-1.6934532691976771,-1.9294614907189949,-2.0466019330591623,-2.472135954999577,-2.3389736377818995,-1.7996084347509183,-1.1133848076805155
1.1448539722592694,1.451531373598006,2.5000000000000004,3.69396885195395,6.217167691655766,9.583626120567514,9.583626120567514,7.986355100472928,5.088288576938556,2.925414806476682,3.3551574208244808,0.7880107536067219,0.882947592858927,1.8270909152852017,1.8543677091335748,2.7189233611099497,1.902113032590307,2.8365557267979504,2.8689142678891066,2.8365557267979504,1.8671608529944035,1.8671608529944035,1.8126155740732999,1.7320508075688774,1.5542919229139416,1.3382612127177165,1.0000000000000002,0.17364817766693041,-0.15643446504023104,0.898794046299167,0,0.24192189559966767,0.13917310096006547,0.06975647374412523,0.15643446504023092,0.20791169081775923,0.06975647374412523,0.052335956242943966,0.29237170472273677,0.8767422935781549,0.7167358990906003,0.41582338163551846,0.24373868681029498,0.20905692653530691
-0.8998042173754591,-1.0751038486359008,-0.6560590289905069,0.24192189559966745,1.0598385284664094,1.1721933854678204,0.7257656867990023,0.4181138530706155,0.06980962574913252,-0.05235721931185049,0.10467191248588611,0.7431448254773937,0.7313537016191705,1.2036300463040965,1.5451142247301632,1.6904730469627978,1.7918397477265007,1.8541019662496847,1.8117333157176452,1.3356629676358145,1.1133848076805237,0.5580517899530019,-0.12216684506098434,-0.8362277061412267,-1.2514757203218483,-1.4553818357243138,-1.5746573804070536,-1.3497063260631887,-1.124755271719324,-0.8998042173754592,-0.8316467632710365,-0.8316467632710365,-0.5209445330007909,-0.4175193028801954,-0.3656080302154421,-0.3656080302154421,-0.5724269861296344,-0.5847434094454733,-0.8452365234813987,-1.0892780700300542,1.782013048376736,1.6383040885779836,1.5320888862379562,1.462707403238341
1.1025494232679993,0.899804217375465,0.4181138530706139,1.2246467991473533e-15,1.5308084989341915e-15,0.5226423163382674,0.5226423163382674,-0.17449748351250133,-0.7312160604308802,-0.938606790241378,-0.9742117067204511,-0.6972459419812621,-0.2442964769175019,0.12216684506098534,0.24429647691750617,0.8350386057603902,1.3497063260631976,1.8117333157176514,1.8117333157176514,1.6934532691976816,1.6934532691976816,1.9294614907189989,2.1502076972718047,2.4404198584548014,2.622246153911387,2.736161146605356,2.604545235657254,3.090169943749477,3.5165801564034656,4.015035054457325,4.683914244512012,5.142300877492317,5.034563128398704,4.309630327279612,4.702282018339792,5.877852522924741,5.446390350150271,5.299192642332043,3.286300939501236,2.1502076972718047,1.5450849718747386,1.4999999999999991,-1.1238197802477363,-0.06980962574913391
0.03489949670250108,0.0174524064372836,0.19080899537654492,0,0,0.7880107536067219,0.8746197071393957,0.7880107536067219,1.5760215072134438,1.5972710200945857,1.3893167409179947,1.2313229506513166,0.45399049973954686,0.35836794954530016,0.24192189559966767,0.10452846326765346,-0.017452406437283477,-0.3420201433256687,0.9063077870366503,1.6773411358908488,1.6180339887498942,1.5972710200945852,1.6180339887498942,1.462707403238341,2.1580194010159537,2.0839751113769927,2.1580194010159537,2.121320343559643,3.0641777724759125,3.152043014426887,3.993177550236463,3.993177550236463,3.8302222155948904,3.8302222155948904,3.596699001693256,3.473291852294988,3.280295144952537,2.9389262614623703,2.6495963211660216,2.347357813929454,2.1130913087034964,1.368080573302678,1.0352761804100865,0.8316467632710397
0.4357787137382918,0.41811385307061383,0.31358538980296036,0.31358538980296036,0.20926942123237569,0.1570078687288319,0.13951294748825047,0.31286893008046185,0.7492131868318244,1.2855752193730787,1.6580751451100835,1.8270909152852017,1.8793852415718169,1.9318516525781366,1.985092303282644,2,1.9951281005196484,1.9951281005196484,1.9972590695091479,1,0.9993908270190958,0.9975640502598242,0,0,-0.22495105434386478,-0.20791169081776018,-0.12186934340514669,-0.10452846326765287,-0.13917310096006444,-0.2756373558169993,-0.8134732861516009,-0.9389431255717806,-1.3619714992186371,-1.408414688357671,-1.3151134403672318,-2.2367716138829876,-2.6242361159620278,-3.830222215594886,-3.830222215594886,-3.94005376803361,-2.516011703836272,-0.34729635533386066,-1.6580751451100826,-1.1755705045849458
5.6631189606246295,6.00017110491479,5.870693975617971,5.5904485703310485,5.282967061559406,5.119475911334193,4.316038802031907,4.316038802031907,3.5355339059327386,4.242640687119286,4.242640687119286,4.091990160374994,3.6108901389122945,3.7759223462990277,4.596266658713869,3.464101615137756,-0.5847434094454733,2.3314378843709123,3.6252311481465997,4.531538935183249,4.414737964294635,4.330127018922194,4.728064521640332,4.596266658713868,4.914912265733951,5.7340643100229425,4.854101966249685,4.24024048078213,5.0353786023705585,4.499513267805775,3.6108901389122896,3.064177772475912,2.648842778576781,2.571501902106337,1.9318516525781366,1.8671608529944035,1.8126155740732999,1.618033988749895,1.2313229506513166,1.258640782099675,1.2036300463040965,1.1183858069414936,1.0000000000000002,1.0000000000000002
3.3546822717816975,3.2360679774997885,3.1085838458278836,2.972579301909576,2.925414806476682,2.925414806476682,2.925414806476682,2.8773592013546048,2.7786334818359903,2.5711504387461583,2.351141009169896,2.795964517353737,2.4999999999999987,2.269952498697735,1.6269465723032008,1.236067977499791,1.1025494232679993,1.1247552717193312,1.0395584540887997,0.6257378601609211,0.43577871373829186,0.08726203218641809,-0.08726203218641504,-0.7312160604308802,-1.0418890660015792,-1.3497063260631887,-1.552914270615121,-1.8541019662496827,-1.8541019662496827,-2.1502076972718016,-2.4404198584548027,-2.535709570444192,-2.424048101231678,-2.867882181755234,-2.9254148064766823,-3.392192384625705,0.15700786872882916,0.8746197071393954,1.0598385284664098,1.7918397477265007,2.278977081200097,2.604545235657254,2.930113390114411,2.781152949374527
