examples/docs/component/map/assets/wind-particle/wind.json
{"header": { "parameterCategory": 2, "parameterNumber": 3, "nx": 281, "ny": 204, "lo1": 105.289759, "la1": 28.161339, "lo2": 110.198876, "la2": 32.201187, "dx": 0.017532560714285696, "dy": 0.019900729064039387 }, "data":
[rows 152 to 170 of 204, columns 86 to 128 of 281]
4.285836503510563,4.3301270189221945,4.145187862775207,4.5962666587138665,4.1679502227539835,3.775922346299025,3.610890138912292,3.26783421009016,2.9999999999999956,2.7239429984372796,3.499999999999995,4.925291802605267,5.557266963671978,4.1679502227539835,3.8567256581192346,4.1679502227539835,5.51607527524705,6.000171104914788,5.392764277795001,4.455032620941839,4.285836503510563,3.940053768033607,3.830222215594889,4.045084971874734,4.974225435330248,4.095760221444957,3.1085838458278823,1.4084146883576711,2.944881550342992,2.944881550342992,3.1520430144268876,3.4414586181062763,3.1795155853992294,3.0902284494603247,2.8678821817552302,1.9681770869715218,2.298133329356934,2.4270509831248424,2.1580194010159532,2.972579301909577,2.51728156419935,0.8771151141682101,0.7660444431189778
1.9225233918766378,1.9021130325903073,1.8410097069048807,1.7658951857178542,1.6960961923128521,1.7658951857178542,1.7975880925983339,2.6488427785767814,2.544144288469278,1.2678547852220963,1.9392384809853458,2.2367716138829876,2.2367716138829876,2.2367716138829876,2.3511410091698943,2.4626459013026336,2.624236115962028,2.778633481835989,2.92541480647668,3.1085838458278823,3.1085838458278823,3.276608177155966,2.516011703836272,2.6730195725651034,2.7615145603573206,2.8190778623577244,3.8252190238521413,4.829629131445341,4.871850323926175,4.951340343707852,4.987820251299121,5,4.9809734904587275,5.955276909847933,5.9261300435708275,5.908846518073249,5.868885604402832,5.868885604402832,5.821774357655978,5.767570175629913,6.6573956140660755,5.563103127400727,5.297685557153564
-1.9890437907365466,-0.6156614753256582,-0.37460659341591235,-0.4226182617406992,-0.6427876096865396,-0.9335804264972017,-0.992546151641322,-0.9975640502598242,-1.963254366895328,-1.940591452551993,1.1471528727020945,1.7492394142787933,2.9708042062247113,2.954423259036624,3.8450467837532747,3.8974802591409397,3.950753362380551,3.9701846065652884,3.990256201039297,4,2.998172481057287,2.999543085469174,1.956295201467611,0,0.374606593415912,0.6748531630315949,0.623735072453278,1.2202099292274005,2.0073918190765747,2.6730195725651034,2.954423259036624,2.9108871788279895,2.6488427785767814,2.571501902106337,1.1183858069414938,2.8190778623577244,2.9926921507794724,1.902113032590307,1.3639967201249972,1.4999999999999978,1.8469844259769752,2.3640322608201645,2.487112717665124
3.4286692028084493,4.962730758206611,3.984778792366982,2.9231101943557056,1.9562952014676114,1.9753766811902755,2.934442802201417,2.781551563700362,2.7189233611099497,3.564026096753471,3.1520430144268876,3.0188383208910876,3.1520430144268876,2.5160117038362717,1.618033988749895,0.0697564737441253,0.35836794954530027,0.5877852522924731,0,0,0,0,0.5877852522924731,0.5877852522924731,0.7547095802227719,0.7880107536067219,0,0,0,0.9563047559630354,0.8829475928589269,1.6383040885779836,1.532088886237956,1.462707403238341,1.258640782099675,1.462707403238341,0.7071067811865475,0.5877852522924731,0.7313537016191705,1.5972710200945857,1.5542919229139416,1.6383040885779836,2.598076211353316
3.8252190238521413,3.8974802591409397,3.950753362380551,4.92403876506104,4.972609476841367,4.951340343707852,4.987820251299121,4.987820251299121,4,3.9945181390182958,3.9780875814730936,4.962730758206611,4.962730758206611,5.908846518073249,5.868885604402832,5.767570175629913,5.601482558983211,5.032023407672546,2.3511410091698934,-1.9405914525519932,0.9079809994790935,4.330127018922193,7.364038827619523,8.344654691101086,8.402223838474816,7.468643411977614,7.468643411977614,6.490286981967511,6.394818203498206,5.392764277795003,5.247718242836374,5.196152422706632,5.247718242836374,4.455032620941839,4.493970231495835,4.455032620941839,4.414737964294634,3.5317903714357075,3.6252311481465997,2.781551563700362,1.9487401295704705,0.9986295347545738,0.8480480961564261
2.1918557339453866,4.045084971874737,4.193352839727121,3.354682271781696,3.316150290220167,3.276608177155968,1.2678547852220963,1.7633557568774207,2.2981333293569333,3.6252311481466,4.53153893518325,4.6025242672622015,4.7275928779965835,4.806308479691594,4.755282581475767,3.708735418267149,3.6252311481466,3.4286692028084502,3.236067977499787,3.940053768033607,3.8857298072848527,3.8857298072848527,3.830222215594889,3.830222215594889,4.528257481336631,4.5962666587138665,5.2020137783417555,5.362311101832844,5.51607527524705,5.734064310022941,5.870693975617968,5.936336673094984,4.974225435330248,3.9931775502364615,3.1085838458278823,2.544144288469279,2.5980762113533165,2.331437884370912,2.0459950801874958,2.331437884370912,3.708735418267149,4.806308479691594,3.6541818305704035
0,0,0,0,0,0.7431448254773942,0.766044443118978,0.7986355100472928,0.8290375725550417,1.5542919229139416,1.5094191604455438,2.0839751113769918,2.0459950801874953,2.1213203435596424,2.1213203435596424,2.229434476432183,2.3314378843709123,1.5760215072134438,1.5972710200945857,2.544144288469278,2.623859121418187,2.8007412794916053,2.868914267889106,3.897480259140941,3.950753362380551,2.988584094275237,3.997563308076383,2.999543085469174,2.9926921507794724,3.9701846065652884,3.9610722749662814,3.9507533623805506,3.926508733790656,3.897480259140941,2.897777478867205,2.8365557267979504,2.7815515637003623,2.7406363729278027,2.761514560357321,2.71892336110995,2.6488427785767814,2.544144288469278,1.4084146883576711
6.3441545092565494,5.346039145130207,5.088288576938556,3.993177550236464,3.7735479011138597,3.715724127386971,3.7735479011138597,3.885729807284854,3.83022221559489,3.7735479011138597,3.0188383208910876,3.1945420401891713,3.316150290220167,2.571501902106337,1.7143346014042244,1.7143346014042244,1.797588092598334,1.9126095119260709,0.9902680687415704,1.2313229506513168,2.544144288469279,2.8531695488854605,2.9108871788279886,3.939231012048832,3.984778792366982,3.999390780625565,3.9507533623805515,3.734321705988807,3.4984788285575865,3.1520430144268894,2.972579301909576,2.395906530141878,2.7615145603573215,2.999543085469174,2.8689142678891058,2.71892336110995,3.564026096753471,3.5951761851966673,3.6252311481466,3.682019413809761,3.734321705988806,3.708735418267149,3.5951761851966673
2.0073918190765756,2.8284271247461894,2.92541480647668,3.064177772475911,3.236067977499787,3.5317903714357075,3.708735418267149,3.881182905103985,3.939231012048832,4.92403876506104,3.8974802591409397,3.8450467837532747,2.8689142678891058,2.8531695488854605,3.7587704831436324,3.354682271781696,1.0598385284664078,0.9510565162951535,0.10452846326765346,-0.5000000000000004,-1.5094191604455443,-1.5542919229139427,-0.29237170472273716,0.7814622569785474,0.9079809994790935,0.7167358990906005,0.5176380902050415,0,-0.4499021086877307,-0.48384379119933574,-0.5209445330007911,0.6748531630315949,1.9392384809853482,2.571150438746157,2.925414806476682,3.1520430144268876,3.993177550236464,4.728064521640332,0.9063077870366499,0.9063077870366499,0.1908089953765448,-0.034899496702500823,-0.05233595624294348
3.8637033051562732,3.926508733790656,3.950753362380551,3.970184606565288,3.978087581473093,3.990256201039297,3.999390780625565,3.9780875814730936,3.9507533623805506,3.926508733790656,3.926508733790656,3.9125904029352228,3.881182905103986,3.825219023852142,3.734321705988807,3.6252311481466,3.3921923846257043,3.316150290220167,1.7534845871563094,2.060152299640213,2.4626459013026336,2.8284271247461894,2.2641287406683155,3.236067977499787,3.4641016151377553,3.682019413809761,2.8531695488854605,2.9108871788279886,2.954423259036624,2.9776384549239663,2.988584094275237,4,4,4,3.999390780625565,4,3.999390780625565,4.987820251299121,4.972609476841367,3.9701846065652884,3.9507533623805515,1.9225233918766378,-0.9902680687415703
4.7275928779965835,5.6381557247154515,4.667902132486009,4.567727288213003,3.654181830570403,3.782074302397267,2.98356568610482,2.8689142678891058,2.3640322608201645,2.0839751113769918,2.0839751113769918,1.5094191604455438,1.576021507213443,1.5542919229139411,0.7547095802227719,0.7547095802227719,0,0,0.8480480961564261,0.8386705679454239,1.6580751451100835,1.5972710200945857,1.462707403238341,1.363996720124997,1.2313229506513166,1.1755705045849463,1.1755705045849463,1.846984425976975,1.9283628290596178,1.9681770869715218,2.1213203435596424,2.4871127176651253,1.6960961923128521,1.6773411358908479,1.8671608529944035,1.9562952014676114,1.9318516525781366,2,1.9318516525781366,1.9225233918766378,1.969615506024416,1.9805361374831407,2.9108871788279895
1.4544288607390112,2.407260092608193,1.9283628290596178,1.8054450694561448,1.6775787104122404,1.633917105045081,1.846984425976975,1.7633557568774194,1.633917105045081,2.1196770569328196,2.4999999999999996,-0.8660254037844386,-0.891006524188368,-0.9335804264972017,-0.9876883405951378,-0.9876883405951378,-0.9063077870366503,-0.5877852522924734,-0.8829475928589271,-0.9396926207859083,-0.7547095802227721,-1.1755705045849467,-1.3121180579810148,-1.089278070030054,-0.7167358990906015,-0.2090569265353086,0.24373868681029495,0.6840402866513374,0.749213186831824,0.6511363089143134,0.7814622569785474,1.4084146883576725,1.7207293090531381,1.3121180579810146,1.3893167409179945,1.363996720124997,1.2855752193730785,1.9681770869715218,1.9681770869715218,2.0459950801874953,2.1940611048575116,3.108583845827883,3.1945420401891713
3.564026096753471,2.7815515637003614,3.8450467837532747,3.912590402935222,3.9610722749662814,3.997563308076383,4,3.999390780625565,3.9902562010392972,3.999390780625565,3.9902562010392972,3.997563308076383,3.9902562010392972,3.9780875814730936,3.897480259140941,2.718923361109951,2.229434476432182,1.928362829059621,0.629320391049838,1.8671608529944035,4.567727288213004,7.128052193506942,7.794228634059947,6.928203230275509,6.06217782649107,5.088288576938556,4.19335283972712,3.3546822717816958,2.5160117038362717,1.7143346014042244,1.7320508075688772,1.618033988749895,1.414213562373095,1.2313229506513166,0.9696192404926741,0.1908089953765448,-0.544639035015027,-0.891006524188368,-0.961261695938319,-0.9702957262759966,-0.8660254037844386,-0.6946583704589976,-1.4386796006773022
-0.9767044633714701,-0.8269120674509969,-0.7257656867990037,-0.572426986129634,-0.4175193028801977,-0.15700786872883044,0.2092694212323759,0.4874773736205899,0.4874773736205899,0.41811385307061383,0.4874773736205899,0.8316467632710373,1.3680805733026749,1.87303296707956,1.545084971874737,1.2360679774997896,1.4544288607390112,2.1580194010159532,2.925414806476682,2.8773592013546043,3.1945420401891713,3.7087354182671493,3.950753362380551,2.998172481057287,2.988584094275237,2.853169548885461,2.598076211353316,2.4871127176651253,2.395906530141878,1.5897577926996118,2.331437884370912,2.6238591214181874,1.6960961923128526,1.5542919229139411,1.677341135890848,1.9126095119260706,1.9850923032826442,1.6580751451100832,2.427050983124843,2.5980762113533173,2.718923361109951,2.8837850878149567,2.8689142678891058
0.3907311284892737,0.40673664307580015,0.3907311284892737,0.6180339887498948,0.3816179907530896,0.34729635533386066,0.34729635533386066,0.6180339887498948,0.749213186831824,1.2678547852220983,1.4084146883576725,1.5451142247301624,2.294305745404184,2.407260092608193,2.571150438746157,3.4732918522949863,3.5966990016932554,3.0188383208910876,3.83022221559489,3.7735479011138597,4.145187862775209,4.6025242672622015,4.455032620941839,4.045084971874737,4.045084971874737,4.145187862775209,4.285836503510561,4.455032620941839,4.493970231495835,4.455032620941839,4.330127018922193,4.285836503510561,4.240240480782131,4.330127018922193,3.564026096753471,3.7087354182671493,3.8252190238521417,3.9125904029352228,3.970184606565288,3.997563308076383,3.984778792366982,3.939231012048832,3.825219023852142
3.5966990016932554,2.51728156419935,1.5897577926996147,0.8452365234813989,0.20791169081775931,-0.3090169943749476,-0.8386705679454243,-0.9702957262759966,-1.9632543668953282,-2.9231101943557056,-3.845046783753276,-3.845046783753276,-3.9125904029352223,-2.998172481057287,-1.9487401295704703,1.3893167409179954,0.9396926207859086,0.9396926207859086,-0.9945218953682733,-1.9405914525519932,-1.9632543668953282,-1.9972590695091479,-0.9743700647852351,0.7771459614569709,0.8829475928589272,1.2036300463040983,0.9999999999999996,2.194061104857513,3.42866920280845,4.330127018922195,3.4984788285575865,2.6730195725651056,1.714334601404225,0.6560590289905075,-0.9993908270190958,-1.8543677091335748,-1.7320508075688772,-1.6773411358908485,-2.427050983124843,-3.276608177155967,-4.145187862775208,-4.045084971874738,-4.791813060283758
2.544144288469279,3.682019413809761,4.667902132486008,4.7275928779965835,3.8450467837532747,3.8637033051562724,3.7587704831436324,3.4286692028084502,2.676522425435434,2.544144288469278,1.9225233918766378,1.9996953903127825,1.8126155740732999,1.8879611731495125,1.4544288607390112,1.633917105045081,1.633917105045081,1.1755705045849463,1.532088886237956,1.9225233918766378,0.9925461516413221,0.8571673007021123,0,-0.3090169943749476,-0.41582338163551974,-0.4175193028801977,-0.10469849010750247,0.41751930288019634,0.46930339512069263,1.0260604299770062,0.7764571353075622,0.6257378601609235,0.6257378601609235,0.5226423163382673,-2.060152299640218,-1.9392384809853507,-1.8778862511435632,-1.3151134403672333,-1.4084146883576725,-1.677578710412242,-1.1183858069414947,-0.9079809994790939,-0.8134732861516003
5.088288576938556,5.032023407672543,5.032023407672543,5.143003804212674,4.373098535696979,4.493970231495835,4.567727288213004,4.493970231495835,3.4641016151377544,3.3546822717816958,3.1520430144268876,2.4270509831248424,2.6488427785767805,2.7406363729278027,2.9108871788279895,2.999543085469174,1.9805361374831407,1.9318516525781366,1.8410097069048807,2.696382138897501,2.6238591214181874,2.516011703836272,1.315113440367232,1.7633557568774207,2.19406110485751,2.487112717665124,2.71892336110995,2.8365557267979504,2.9231101943557047,2.9630650217854133,2.9630650217854133,2.988584094275237,2.998172481057287,2.9776384549239663,2.944881550342993,3.8811829051039854,2.944881550342993,2.910887178827989,2.6238591214181897,2.0073918190765765,2.4072600926081966,2.778633481835991,2.395906530141878
-1.8671608529944035,-2,0.9743700647852352,1.9753766811902755,2.954423259036624,3.990256201039297,3.984778792366982,3.8042260651806146,3.3921923846257065,2.7279934402499935,-4.871850323926176,-4.987820251299121,-5.996344962114574,-6.973362886642219,-6.931876481190993,-7.878462024097665,-7.794960518281882,-6.6573956140660755,-6.344154509256552,-5.87069397561797,-5.440021730198799,-5.850829612953363,-4.4052427373488605,-3.17951558539923,-2.052120859954017,-0.7312160604308887,0.5226423163382673,1.7101007166283435,1.9999999999999998,1.9681770869715218,2.298133329356934,1.7143346014042244,0.8746197071393957,0.7986355100472928,0.5299192642332049,0.0697564737441253,-0.29237170472273716,-0.4383711467890778,-0.2588190451025207,0.3420201433256687,1.2313229506513166,1.2313229506513166,1.5451142247301624
