examples/docs/component/map/assets/wind-particle/wind.json
{"header": { "parameterCategory": 2, "parameterNumber": 3, "nx": 281, "ny": 204, "lo1": 105.289759, "la1": 28.161339, "lo2": 110.198876, "la2": 32.201187, "dx": 0.017532560714285696, "dy": 0.019900729064039387 }, "data":
[rows 57 to 75 of 204, columns 86 to 128 of 281]
1.9487401295704705,1.9126095119260704,1.841009706904881,1.258640782099676,-2.998172481057287,-2.9835656861048196,-2.9708042062247113,-2.988584094275237,-1.9996953903127825,-1.992389396183491,-1.9890437907365466,-1.9951281005196484,-2.999543085469174,6.994313653112738,7.880107536067223,6.994313653112738,7.547095802227723,7.6604444311897755,8.668118289673945,8.668118289673945,8.668118289673945,8.54860557602668,8.090169943749476,8.54860557602668,8.426488874308752,8.426488874308752,8.426488874308752,8.54860557602668,8.668118289673945,9.456129043280669,9.583626120567512,9.583626120567512,10.24413979688739,10.24413979688739,10.24413979688739,10.10289749894062,10.10289749894062,10.880043460397593,10.565934123118813,9.547977040874978,8.999026535611565,8.356238925925025,8.029567276306306
0.9945218953682734,0.9998476951563913,0.9702957262759963,0.656059028990507,0.8829475928589271,1.8543677091335748,2.673019572565104,2.457456132866976,2.696382138897501,1.9225233918766378,2.0839751113769918,1.9283628290596178,0.9999999999999999,0.052357219311850535,-0.6237350724532796,-1.1183858069414947,-1.030076149820109,-1.3022726178286268,-0.05235721931185068,0.4999999999999993,3.999390780625565,4.99314767377287,3.9701846065652884,2.3640322608201645,1.8126155740733,0.8987940462991669,1.638304088577983,2.8689142678891058,2.9835656861048196,2.999543085469174,2.934442802201416,2.7406363729278023,2.427050983124843,-3.978087581473093,-4.567727288213005,-2.8773592013546043,-2.8284271247461907,-0.9389431255717816,0.22495105434386498,0.5299192642332049,0.6156614753256583,0.6819983600624985,0.573576436351046
2.5357095704441965,1.3022726178286268,0.34729635533386066,-0.9993908270190958,2.194061104857513,3.1085838458278836,3.682019413809762,3.9507533623805515,1.9890437907365468,0.8290375725550413,0.9271838545667874,1.969615506024416,2.988584094275237,2.9108871788279895,2.6488427785767805,2.925414806476682,2.571150438746157,1.4084146883576725,0.20905692653530691,-0.27834620192013176,-0.8480480961564261,2.718923361109951,2.853169548885461,0.9781476007338055,0.3090169943749474,1.0260604299770062,1.6775787104122404,2.8773592013546043,2.9776384549239663,1.690473046962795,3.939231012048832,3.970184606565288,2.6963821388975013,2.0839751113769918,-0.01745240643728356,-0.4694715627858908,-0.9781476007338056,0.9271838545667879,1.9972590695091479,2.998172481057287,3.9902562010392972,3.961072274966282,2.8837850878149567
7.372368398600922,6.304086028853779,4.5282574813366345,4.5282574813366345,4.728064521640334,5.936336673094987,9.52627944162883,10.902717383290517,10.517220926874318,11.180897140662097,11.032150550494112,10.880043460397593,10.790097005079769,10.419875556884966,10.419875556884966,10.070757204741119,9.507598121049224,8.174593080251334,6.688303429296546,4.24264068711929,2.8284271247461934,1.6180339887498951,0.981627183447664,1.312118057981014,2.696382138897501,5,6.973362886642219,7.940369213130576,8.912412618674134,8.912412618674134,8.96575228282571,7.989036278036591,7.99878156125113,5.999086170938348,4.993147673772869,4.972609476841367,3.970184606565288,2.977638454923966,2.954423259036624,1.940591452551993,1.8793852415718166,1.8270909152852017,1.9225233918766378
2.897777478867205,3.9780875814730936,1.8793852415718173,1.3893167409179954,1.2036300463040983,1.0300761498201092,-1.9996953903127825,-1.8126155740733005,-1.030076149820109,-0.5847434094454743,0.06979899340500194,1.414213562373095,1.4862896509547885,1.3382612127177165,0.7167358990906005,0.03489949670250097,0.3420201433256687,1.258640782099675,2.0839751113769918,2.0459950801874953,1.8879611731495125,1.5897577926996147,0.749213186831824,0.08715574274765817,0.15643446504023087,0.3090169943749474,0.2923717047227367,0,-0.8480480961564261,-0.898794046299167,-0.961261695938319,0.4999999999999998,1.9972590695091479,2.8689142678891058,3.5317903714357075,4.914912265733949,2.723195175075133,4.7275928779965835,6.12233794997577,6.4435339741670825,5.673111453595901,4.8907380036690284,3.950753362380551
1.4999999999999998,2.6488427785767805,2.8007412794916053,3.1520430144268876,1.8671608529944035,1.867160852994403,0.9993908270190958,1.9487401295704705,2.9708042062247113,1.9632543668953286,1.9405914525519927,2.7406363729278023,3.682019413809762,3.782074302397267,2.897777478867205,1.9126095119260704,1.9225233918766378,1.8543677091335757,2.487112717665125,3.0641777724759103,2.298133329356933,2.364032260820167,2.364032260820167,2.229434476432182,2.7279934402499935,2.8284271247461934,3.5966990016932563,3.0188383208910894,2.427050983124843,2.6238591214181897,1.8543677091335757,1.8793852415718173,1.9021130325903073,0.8746197071393966,0.7880107536067223,1.258640782099676,7.0920967824605015,7.0920967824605015,6.994313653112738,6.8943999880707985,6.582183314572539,7.31353701619171,7.6604444311897755
9.620816778533355,9.13545457642601,9.271838545667874,8.344654691101088,7.417470836534299,5.601482558983211,4.698463103929543,2.9231101943557056,1.9987816540381915,0.9563047559630354,0.8386705679454239,0.6946583704589973,0.5877852522924731,0.5877852522924731,0.6156614753256583,0.7313537016191705,0.8386705679454239,0.9563047559630354,0.9975640502598242,0.9876883405951377,0.8987940462991669,0.819152044288992,0.43837114678907735,0.788010753606722,0.90630778703665,0.9396926207859084,1.912609511926071,0.9876883405951377,1.3382612127177165,0.10467191248588766,0.7880107536067223,1.969615506024416,0.9659258262890683,0.7880107536067219,0.6560590289905073,0.7764571353075622,0.7257656867990032,1.532088886237956,1.414213562373095,1.0300761498201083,0.9876883405951378,1.7658951857178538,3.881182905103985
0.981627183447664,1.4862896509547885,1.5972710200945857,0.7431448254773937,1.6773411358908488,-0.9993908270190958,0.9925461516413221,1.638304088577983,4.285836503510563,4.316038802031905,4.8296291314453415,5.563103127400724,6.180633150012488,6.237045669318574,5.247718242836374,4.240240480782131,4.373098535696979,4.755282581475767,1.6580751451100835,1.7820130483767356,0.9563047559630354,0.2923717047227367,2.7615145603573215,1.956295201467611,1.7633557568774194,2.347357813929454,0.5566924038402618,-1.589757792699615,1.2313229506513164,2.897777478867205,0.7193398003386509,0.9743700647852352,1.8270909152852017,1.8126155740732999,2.897777478867205,1.9753766811902755,1.940591452551993,0.9135454576426009,0.8290375725550417,0.6427876096865393,0.49999999999999994,0.5591929034707468,0
3.926508733790656,3.978087581473093,2.999543085469174,2.9776384549239663,2.9544232590366244,2.9776384549239663,2.9776384549239663,2.944881550342993,2.9231101943557056,5.850829612953368,5.850829612953368,5.850829612953368,5.75471840270921,5.455986880499987,5.904531260914568,6.363961030678935,6.688303429296546,6.688303429296546,7.43144825477394,7.6604444311897755,6.994313653112738,7.0920967824605015,7.0920967824605015,7.0920967824605015,7.187719590425633,8.090169943749476,8.191520442889914,9.225376247399668,9.428840307723236,10.495436485672759,10.692078290260422,10.692078290260422,10.785528555590005,10.785528555590005,10.875693444439804,11.046058241429286,11.346222907191802,12.363734711836997,11.276311449430903,10.125553387976845,11.475657071556423,12.761153384819636,12.903099971337188
0.898794046299167,0.913545457642601,0.8660254037844388,0.819152044288992,0.9335804264972017,0.8290375725550417,0.7431448254773942,0.6293203910498375,0.3420201433256687,0.5299192642332049,0.4383711467890774,-0.01745240643728356,-0.8191520442889918,0.9135454576426009,0.8660254037844388,1.9225233918766373,1.8270909152852017,1.338261212717717,2.0073918190765756,2.5980762113533165,3.4984788285575834,3.4286692028084502,4.755282581475767,4.9809734904587275,5.999086170938348,5.985384301558945,4.7275928779965835,2.2641287406683155,1.3639967201249972,1.2036300463040972,0.9961946980917455,1.6773411358908479,1.5972710200945857,1.7820130483767356,0.9455185755993167,0.984807753012208,0.9335804264972017,1.8270909152852017,2.897777478867205,2.944881550342992,3.9610722749662814,3.9610722749662814,1.902113032590307
1.6180339887498951,2,0.9271838545667872,0.9612616959383189,0.9999999999999999,1.1694868188909469,0.1395129474882506,-0.37460659341591235,-0.8191520442889918,-0.9986295347545739,0,0.8746197071393957,1.9126095119260709,1.8793852415718166,1.6960961923128521,1.5760215072134438,1.5094191604455438,1.4386796006773022,0.6180339887498948,-0.9389431255717816,-1.8270909152852022,-2.9835656861048196,-2.868914267889106,-2.8773592013546043,-2.7615145603573215,-2.9108871788279895,-1.9972590695091479,-0.9335804264972017,1.4386796006773026,1.9405914525519927,0.8910065241883685,1.6383040885779827,1.928362829059621,2.0073918190765765,2.427050983124843,2.8190778623577257,1.9318516525781368,0.9455185755993167,0.8829475928589272,1.8671608529944035,1.8910371511986335,0.9993908270190958,0.9396926207859081
7.880107536067223,8.090169943749476,9.225376247399668,10.495436485672759,10.785528555590005,10.962545491711209,11.046058241429286,11.046058241429286,11.126206254801454,10.125553387976845,8.221909118783406,6.344154509256552,3.8637033051562737,3.8811829051039854,4.99314767377287,3.950753362380551,3.734321705988806,3.4641016151377553,3.276608177155966,2.331437884370912,2.3640322608201645,2.1580194010159524,1.8879611731495125,2.2367716138829876,3.078307376628292,3.213938048432696,3.280295144952535,3.409991800312493,3.064177772475911,3.194542040189169,3.940053768033607,4.045084971874734,4.193352839727121,4.455032620941839,4.567727288213004,4.493970231495834,4.493970231495834,3.682019413809761,2.7815515637003614,1.902113032590307,0.9510565162951535,0,0
3.8637033051562724,2.4574561328669744,1.5451142247301597,1.7492394142787917,0.9781476007338057,1.414213562373095,1.414213562373095,1.5542919229139416,1.6773411358908479,1.532088886237956,2.1580194010159532,2.2641287406683155,2.3959065301418785,2.3959065301418785,2.3959065301418785,1.7143346014042244,0,0.9986295347545739,1.9850923032826442,2,0.8829475928589272,-1.992389396183491,-1.985092303282644,-1.963254366895328,1.258640782099676,0.8386705679454244,0.7071067811865483,-0.05233595624294348,-0.572426986129634,-1.5000000000000013,-1.963254366895328,2.9630650217854138,3.734321705988806,2.92541480647668,3.23606797749979,3.978087581473093,4.635919272833936,4.92403876506104,4.96273075820661,4.567727288213004,3.0188383208910876,2.778633481835989,1.8879611731495125
-4.914912265733951,-5.767570175629914,-4.99314767377287,-4.972609476841367,-4.667902132486009,-5.601482558983211,-4.871850323926176,0.9696192404926725,1.6960961923128532,2.3314378843709127,2.778633481835991,-3.881182905103986,-3.978087581473093,-2.9835656861048196,-2.9926921507794724,-2.9344428022014166,1.8469844259769745,1.928362829059621,2.4626459013026327,2.1785561400601083,-3.8974802591409405,-3.9125904029352223,2.119677056932818,2.4626459013026327,2.517281564199352,2.3511410091698934,2.23677161388299,1.6775787104122424,1.1755705045849467,1.3893167409179954,1.486289650954788,1.5760215072134447,4.1144967660473135,4.702282018339787,4.47354322776598,4.239354113865636,-6.820590453496646,-6.931876481190992,-6.913818384165964,-7.762365810207972,-7.762365810207972,-7.762365810207972,-7.762365810207972
4.095760221444957,5.196152422706633,5.392764277795001,5.638155724715449,6.7288318715682305,7.76236581020797,7.76236581020797,7.76236581020797,6.847033205136638,6.913818384165964,6.947823061489254,6.931876481190993,5.889763100685984,4.755282581475767,3.564026096753471,2.5715019021063377,0.9612616959383187,0.9961946980917455,0.9135454576426008,-0.9998476951563913,-0.5591929034707473,0.2923717047227367,0.3090169943749474,0.03489949670250097,-0.5847434094454743,-0.29237170472273716,0,0,0.9135454576426009,0.7660444431189778,0.9961946980917455,0.6427876096865393,0.48480962024633706,0.03489949670250097,-0.3090169943749476,-0.3907311284892739,-0.6819983600624989,-0.5735764363510465,-0.3255681544571567,0.9659258262890683,0.6819983600624986,1.6580751451100826,1.8793852415718162
0.6511363089143134,1.5897577926996147,0.9270509831248421,0.3816179907530896,3,3.912590402935222,2.487112717665124,1.827090915285202,2.544144288469278,2.51728156419935,1.4544288607390112,-0.13917310096006588,-0.8386705679454243,-1.9632543668953282,1.7207293090531417,2.194061104857513,1.8126155740733005,1.9805361374831407,3.656768508095852,3.526711513754839,1.9999999999999998,-0.41582338163551974,-1.963254366895328,2.121320343559645,3.0641777724759103,2.8284271247461934,-1.7143346014042247,-0.674853163031596,-0.8191520442889918,0.8746197071393966,0.7071067811865475,1.0598385284664098,0.15643446504023087,-1.2586407820996743,-1.922523391876638,-2.963065021785413,2.3511410091698934,2.119677056932818,-3.8974802591409405,-4.90813591723832,-3.961072274966281,-2.740636372927803,-1.8054450694561448
0.7660444431189776,0.8571673007021124,0.8746197071393966,0.8746197071393966,0.8386705679454244,3.3936673417243535,3.709434849632431,3.605266524370382,-6.820590453496646,-6.913818384165964,-6.893654271085456,-6.871390284133648,-6.893654271085456,-7.878462024097664,-7.825180805870445,-7.762365810207972,-8.732661536483969,-8.732661536483969,-9.702957262759965,4.8480962024633625,5.299192642332045,5.591929034707475,6.465637775217207,6.77227622858224,7.070663706551944,7.360436669947448,7.641242075048975,8.044890717810881,8.668118289673945,8.191520442889914,8.090169943749476,7.281152949374528,7.714505706319012,8.089146416692504,8.284543681071964,7.468643411977614,7.650438047704282,6.792070083931975,4.938441702975689,3,2.8007412794916045,1.6180339887498936,0.4999999999999993
0.45399049973954675,-0.1736481776669304,-0.544639035015027,-0.9781476007338056,0.9510565162951535,0.8829475928589269,0,0.6560590289905073,1.4862896509547885,1.6383040885779836,1.846984425976975,1.7633557568774194,3.7587704831436333,4.9969541350954785,4.999238475781956,2.988584094275237,1.9225233918766378,2.999543085469174,3.9265087337906572,2.9708042062247113,2,1.9951281005196484,2.9708042062247113,2.988584094275237,2.883785087814956,1.5094191604455438,1.7492394142787917,1.9996953903127825,1.969615506024416,1.9562952014676114,1.9890437907365466,2,1.9972590695091477,1.9805361374831407,1.9225233918766378,0.981627183447664,0.9271838545667873,1.2036300463040965,0.27563735581699916,-0.12186934340514811,-0.9659258262890684,-1.940591452551993,-3.984778792366982
-1.589757792699615,-0.6840402866513389,0,-1.4627074032383407,-2.868914267889106,-3.9265087337906563,-2.998172481057287,2.121320343559645,2.7279934402499935,-2.9344428022014166,1.4999999999999993,1.0300761498201092,-0.9902680687415704,0,0,0.7880107536067223,0.7193398003386513,0,0,0.9455185755993167,1,0.9925461516413221,1.258640782099675,0.1395129474882506,-1.1183858069414947,-2.853169548885461,-1.9890437907365466,-1.985092303282644,-1.9632543668953282,0.9999999999999996,1.2036300463040983,-1.9562952014676112,1.258640782099676,2.6730195725651056,1.9487401295704705,1.9890437907365468,1.980536137483141,2.934442802201416,2.853169548885461,1.9405914525519927,1.9126095119260704,1.8270909152852015,1.7492394142787933
