examples/docs/component/map/assets/wind-particle/wind.json
{"header": { "parameterCategory": 2, "parameterNumber": 2, "nx": 281, "ny": 204, "lo1": 105.289759, "la1": 28.161339, "lo2": 110.198876, "la2": 32.201187, "dx": 0.017532560714285696, "dy": 0.019900729064039387 }, "data":
[rows 114 to 132 of 204, columns 132 to 175 of 281]
1.3917310096006545,1.5643446504023069,2.0791169081775944,2.588190451025203,3.216088751950104,3.4202014332566897,3.4202014332566897,3.255681544571563,2.4807362023529866,2.3293714059226827,2.4807362023529866,2.930113390114407,3.660629787682198,4.225244065073014,4.500000000000001,5.150380749100542,5.150380749100542,5.150380749100542,5.150380749100542,5.000000000000001,4.635342674190487,5.162187927159414,6.4278760968653925,6.691306063588584,6.022175457229726,6.022175457229726,5.455986880499989,5.850829612953361,6.472135954999579,7.871577364254558,8.15677008332985,8.987940462991668,8.0891464166925,8.221909118783408,7.308363661140808,6.443533974167082,5.673111453595901,5.868885604402833,6.913818384165964,5.955276909847932,5.955276909847932,4.96273075820661,3.961072274966281,3.9507533623805506
-1.6538241349019955,-1.1448539722592594,-0.20934382497177173,9.18485099360515e-16,-0.06979899340500054,0.2437386868102946,0.907980999479094,1.147152872702093,1.203630046304098,1.3121180579810148,2.395906530141878,2.4574561328669753,3.3921923846257065,3.4984788285575843,3.595176185196668,-2.462645901302633,-2.462645901302633,2.6238591214181883,2.718923361109951,2.5715019021063386,3.4984788285575843,3.464101615137756,3.3546822717816975,3.464101615137756,3.3921923846257065,3.428669202808451,3.3546822717816975,4.0450849718747355,3.71572412738697,3.656768508095852,3.213938048432698,4.014783638153153,3.009075115760245,3.9363541739430445,3.280295144952537,3.596699001693256,3.409991800312495,4.014783638153153,3.5355339059327386,3.0641777724759125,2.5441442884692798,2.6238591214181883,-1.7633557568774192,-1.0300761498201085
2.9958886042637216,3.999390780625565,4.96273075820661,5.673111453595901,6.062177826491069,6.217167691655769,5.557266963671978,4.405242737348858,3.6108901389122874,2.4626459013026314,2.7279934402499944,3.535533905932737,4.0919901603749915,4.309630327279605,4.239354113865637,3.631923997916373,2.5085756468171025,1.653824134901991,2.908857721478024,4.662875768741827,5.80326300788529,5.936336673094981,5.088288576938555,5.032023407672544,4.193352839727121,4.974225435330249,5.516075275247054,5.035378602370556,2.8678821817552302,1.8159619989581866,2.347357813929452,2.191855733945387,1.4984263736636478,1.626946572303199,1.562924513957094,0.5209445330007899,-0.15700786872883027,-7.347880794884119e-16,0.6945927106677199,1.4618585236136836,1.6278407722857815,2.052120859954014,2.3443867709356407,3.068598027523542
8.290375725550414,7.7145057063190094,8.910065241883679,9.0630778703665,9.271838545667872,8.509667180393851,8.606742803667318,8.65135526344487,8.606742803667318,7.762365810207972,6.913818384165964,7.980512402078594,7.99878156125113,7.980512402078594,6.961653267577913,7.940369213130576,7.922144549932563,5.955276909847932,4.972609476841367,4.972609476841367,3.984778792366982,2.977638454923966,2.9108871788279895,3.734321705988807,3.5640260967534716,4.635919272833937,5.737828535778213,5.889763100685984,4.999238475781956,4.890738003669028,2.944881550342992,2.988584094275237,3.9945181390182958,4.993147673772869,3.9125904029352228,2.8190778623577253,1.8126155740732999,1.797588092598334,1.6383040885779836,-1.4553818357243185,0.10471443862369878,0.6093467170257384,-0.43577871373829125,-3.9931775502364615
-2.7959645173537333,-3.0783073766282913,4.45503262094184,4.45503262094184,4.240240480782133,4.285836503510564,3.428669202808451,3.3546822717816975,3.152043014426887,3.71572412738697,3.596699001693256,2.8773592013546048,2.3640322608201654,2.4574561328669753,2.3640322608201654,2.121320343559643,1.9283628290596186,1.175570504584948,1.1183858069414947,1.0892780700300542,1.147152872702093,1.3382612127177178,1.4142135623730954,1.363996720124998,1.2855752193730792,1.2313229506513177,1.763355756877422,1.1238197802477372,0.3472963553338609,0.41582338163551985,0.5299192642332043,0.9335804264972017,1.9805361374831407,1.9987816540381915,1.9996953903127825,1.9996953903127825,1.9972590695091479,1.940591452551993,1.8126155740733,1.677341135890848,1.5320888862379556,2.3640322608201663,2.457456132866975,2.598076211353315
4.014783638153151,4.212705162064336,3.8784769619706982,2.8471565015305984,1.8541019662496834,1.4618585236136836,1.562924513957094,2.723195175075133,3.26783421009016,3.500000000000001,2.958327832184892,2.394141003279683,1.953408926742938,2.052120859954014,3.068598027523542,3.7094348496324328,4.357112280120213,3.8784769619706982,2.9968527473272957,2.472135954999578,2.0705523608201624,1.7172809583888982,1.0968240906463291,0.627808263697127,0.15707165793554817,-1.8369701987210296e-15,-1.8369701987210296e-15,-1.8369701987210296e-15,-0.17452406437283496,-0.17452406437283496,-0.17452406437283496,0.19197647081011443,0.5756955186723737,0.7673212111853774,0.7673212111853774,0.9587131702242367,0.9587131702242367,1.1498130959441926,1.7207791154425374,2.098898949141987,2.661140851596342,3.3991869381244193,3.942047444998304,4.474103073833797
4.96273075820661,5.941608412449423,5.889763100685984,3.8637033051562732,2.954423259036624,3.926508733790656,3.9125904029352228,2.9108871788279895,2.9708042062247113,2.8837850878149567,2.648842778576781,2.8284271247461903,-6.037676641782174,-5.803263007885289,-5.936336673094984,-4.854101966249683,-4.24264068711928,-3.4414586181062803,-2.6302268807344635,-2.247639560495466,-1.9534089267429422,-1.6538241349019955,-1.451531373598009,-1.3497063260631887,-1.247470144906561,-1.0418890660015792,-0.938606790241378,-0.7312160604308802,-0.2616797812147147,0.2616797812147177,1.1025494232679993,1.5897577926996131,2.1940611048575116,2.4270509831248415,3.428669202808451,3.428669202808451,3.3921923846257065,3.428669202808451,3.428669202808451,3.3546822717816975,3.3546822717816975,3.464101615137756,3.564026096753472,3.625231148146601
0.30901699437494773,0.32556815445715676,0.2923717047227372,0.48384379119933757,0.48384379119933757,0.4499021086877325,0.31286893008046057,0.20791169081775993,0.35836794954530016,0.6427876096865394,0,0,0,0,0.8571673007021121,0.9455185755993168,0.9563047559630353,0.9271838545667873,0.9455185755993168,1.8910371511986337,0.913545457642601,0.8191520442889916,0.8660254037844384,1.6960961923128517,1.7143346014042242,1.6180339887498947,1.7492394142787908,2.71892336110995,2.8007412794916045,2.623859121418186,3.2766081771559663,4.145187862775207,5.59044857033105,5.362311101832844,4.242640687119284,3.345653031794292,2.7279934402499944,2.1580194010159524,2.457456132866975,2.5715019021063363,1.8410097069048805,0.9998476951563913,0.8191520442889918,1.3382612127177165
-1.3405627774566284,-1.5309041105607242,-1.3405627774566284,-0.9587131702242407,-0.8715574274765825,-0.8715574274765825,-0.8715574274765825,-0.3489949670250076,-0.19197647081011848,-0.19197647081011848,-0.5756955186723777,-0.5756955186723777,-0.38389446372750835,-2.0206672185931327e-15,0.5756955186723737,0.5756955186723737,0.38389446372750435,0.38389446372750435,0.5233595624294306,0.9407561694088848,1.7996084347509194,2.958327832184892,4.014783638153151,4.373098535696977,4.951340343707852,4.938441702975689,4.698463103929543,4.6025242672622015,5.601482558983211,5.638155724715451,6.5778483455013586,6.728831871568232,5.821774357655979,6.871390284133648,7.8251808058704455,6.820590453496647,6.728831871568232,7.564148604794535,6.5778483455013586,6.5778483455013586,6.618630029195218,6.618630029195218,8.509667180393851,9.335804264972017
0.7312160604308837,1.3497063260631976,1.7542302283364233,2.3443867709356434,2.795964517353737,3.3456530317942947,3.773547901113861,4.728064521640331,4.145187862775208,4.330127018922195,4.414737964294636,4.330127018922195,4.095760221444959,4.095760221444959,3.2360679774997885,3.276608177155967,3.3546822717816975,3.4984788285575843,3.625231148146601,-2.351141009169892,-2.2943057454041833,-2.2943057454041833,-2.351141009169892,-2.4072600926081935,3.564026096753472,4.285836503510564,4.240240480782133,4.0450849718747355,4.095760221444959,3.8857298072848545,3.993177550236463,2.925414806476682,3.8302222155948904,3.018838320891089,2.925414806476682,2.8773592013546048,2.6765224254354356,2.517281564199352,2.294305745404186,2.294305745404186,1.9681770869715223,1.5320888862379562,1.782013048376736,-1.0598385284664096
1.9318516525781366,2.3959065301418785,1.3151134403672322,1.1238197802477359,1.3619714992186398,1.8469844259769737,2.2641287406683155,1.6180339887498947,0.8290375725550414,0.8571673007021121,0.90630778703665,0.9945218953682733,1.985092303282644,1.9318516525781366,1.9805361374831407,0.9876883405951378,0.9781476007338057,1.992389396183491,3.997563308076383,4.99314767377287,4.999238475781956,3.939231012048832,3.804226065180614,3.734321705988807,3.595176185196668,2.3314378843709123,1.7633557568774194,1.4084146883576727,1.3151134403672324,1.4544288607390112,0.8746197071393957,1.4627074032383403,1.589757792699614,2.0601522996402166,2.1196770569328187,1.9392384809853491,1.368080573302676,1.4984263736636478,1.8159619989581866,2.347357813929452,3.1779334981768264,3.253893144606398,3.2253115459077035,3.4202014332566897
3.804226065180614,3.8637033051562732,4.8063084796915945,4.8063084796915945,5.737828535778213,4.727592877996584,4.667902132486009,5.481272745855605,5.481272745855605,5.481272745855605,5.481272745855605,6.4435339741670825,6.4435339741670825,6.4435339741670825,6.4435339741670825,6.535062985480412,6.490286981967512,7.517540966287267,9.455185755993169,7.564148604794535,5.673111453595901,5.638155724715451,5.523029120714642,6.180633150012489,8.48048096156426,8.571673007021124,9.119413298105458,8.899186938124423,7.461338152995376,6.217167691655766,5.663118960624632,5.870693975617968,5.346039145130208,4.531538935183249,4.667902132486009,-3.6052665243703785,-3.4999999999999947,-3.286300939501232,-2.847156501530603,-2.3941410032796764,-2.2789770812000993,-2.3941410032796764,-2.622246153911377,-2.622246153911377
4.45503262094184,4.414737964294636,4.285836503510564,4.240240480782133,4.095760221444959,3.993177550236463,3.8302222155948904,3.71572412738697,3.596699001693256,2.6242361159620295,2.407260092608196,2.1785561400601083,1.5897577926996131,1.0598385284664087,1.203630046304098,1.2855752193730792,0.601815023152049,0.5446390350150271,0.46947156278589086,0.8452365234813985,0.8767422935781557,1.3619714992186411,1.3619714992186411,1.2678547852220978,1.4084146883576727,1.4084146883576727,1.3619714992186411,0.8452365234813985,0.8452365234813985,0.684040286651339,0.20791169081775993,-0.03489949670250027,0,0,0,0,0,0,0,0.9612616959383189,0.9271838545667873,0.8910065241883678,0.788010753606722,0.6691306063588585
5.999086170938348,4.999238475781956,4.99314767377287,4.999238475781956,3.999390780625565,3.978087581473093,3.8637033051562732,2.71892336110995,1.312118057981014,0.5176380902050406,1.075103848635901,2.0601522996402166,1.8778862511435617,1.6278407722857815,1.5450849718747361,2.046601933059157,2.0245594890947842,1.0968240906463291,0.5233595624294306,0.5756955186723737,0.6280314749153166,0.20942887724739756,-0.19197647081011848,-0.17452406437283496,0.19197647081011443,0.38389446372750435,0.20942887724739756,-0.41879396043000916,-1.3405627774566284,-2.2870285989953576,-8.746197071393963,-8.57167300702112,-8.386705679454241,-8.89918693812442,-8.668118289673941,-7.547095802227718,-7.193398003386507,-6.81998360062498,-6.427876096865398,-5.877852522924729,-5.299192642332038,-4.999999999999992,-4.993895497135003,-4.067366430758004
8.284543681071963,7.308363661140807,6.996957657115166,5.936336673094981,5.803263007885292,7.281152949374527,6.47213595499958,6.128355544951824,-2.6302268807344635,-2.4404198584548027,-2.247639560495466,-2.1502076972718016,-2.0521208599540084,-1.8541019662496827,-1.6538241349019955,-1.451531373598009,-1.1448539722592594,-0.8350386057603867,-0.2093969802150016,0.31401573745766126,1.0418890660015827,1.7542302283364233,2.4404198584548014,2.9999999999999982,3.355157420824484,3.7759223462990277,4.091990160374994,5.119475911334193,5.202013778341758,5.282967061559406,5.202013778341758,5.202013778341758,5.202013778341758,5.282967061559406,5.282967061559406,4.528257481336634,4.528257481336634,4.528257481336634,3.8302222155948904,3.8857298072848545,4.596266658713869,4.596266658713869,4.528257481336634,4.596266658713869
0.7492131868318248,0.9270509831248432,0.5176380902050433,0.5847434094454744,0.453990499739547,0.48480962024633695,0.681998360062499,0,0,0,0,0.12186934340514768,0.342020143325669,0,0,0,0,0,0,0,0,-0.5299192642332038,-0.5735764363510467,0,0,0.6819983600624985,0.5150380749100544,0.3746065934159122,0.15643446504023092,0.0174524064372836,-0.06975647374412533,-0.1908089953765448,-0.6511363089143128,-0.42261826174069933,-0.4999999999999998,0.681998360062499,0.17364817766693044,-0.2783462019201289,-1.123819780247733,-1.408414688357671,-1.999999999999997,-2.9389262614623646,-3.5355339059327333,-4.095760221444955
-1.2525579086405925,-1.5643446504023104,-1.7364817766693033,-2.098898949141991,-2.474461597782518,-9.526279441628827,-10.064046815345089,-9.708203932499366,-9.456129043280665,-9.192533317427728,-8.301805382450489,-6.946583704589972,-7.713451316238478,-6.535668420180318,-5.633658753430684,-4.298042413382007,-2.930113390114413,-1.7996084347509183,-1.5628335990023687,-1.407910185362067,-1.407910185362067,-1.2514757203218374,-0.836227706141223,0.6100901992336086,2.0466019330591605,2.575190374550269,2.3314378843709127,-0.876742293578155,0.0349048128745672,0.9079809994790937,1.4386796006773024,2.3959065301418785,2.298133329356934,3.018838320891088,2.972579301909577,3.885729807284854,4.193352839727121,4.373098535696979,3.6252311481465997,3.595176185196668,4.414737964294635,6.180633150012489,8.221909118783408,9.063077870366499
4.014783638153153,4.014783638153153,4.014783638153153,4.167950222753985,4.316038802031907,4.458868952864364,4.596266658713869,4.728064521640331,4.728064521640331,4.662875768741825,3.71572412738697,3.71572412738697,3.773547901113861,4.596266658713869,4.728064521640331,4.791813060283756,4.914912265733951,5.032023407672546,5.196152422706634,5.392764277795003,5.346039145130208,4.45503262094184,4.45503262094184,4.493970231495835,4.531538935183251,-2.8678821817552294,-3.009075115760242,4.493970231495835,3.531790371435709,3.595176185196668,2.6963821388975013,2.648842778576782,3.3546822717816975,2.972579301909576,2.517281564199352,1.7207293090531395,1.258640782099676,1.782013048376736,-0.3656080302154421,1.302272617828627,2.0601522996402175,2.178556140060109,2.1196770569328196,2.0601522996402175
-0.5512747116339981,-0.9767044633714692,-1.1721933854678208,-1.815961998958187,-1.9999999999999991,-2.2943057454041833,3.564026096753472,3.3546822717816975,3.018838320891089,1.8879611731495138,1.2202099292274007,0.5209445330007914,-0.1046984901075008,-0.8316467632710407,-1.627840772285785,-2.1130913087034937,-2.3473578139294515,-2.424048101231678,-2.119677056932815,-0.9999999999999984,-1.5320888862379545,-0.27834620192013165,0.41582338163551885,1.454428860739012,2.8678821817552302,3.5267115137548375,4.212705162064336,5.142300877492314,5.656854249492379,6.128355544951822,5.80326300788529,5.297685557153562,4.635919272833936,4.667902132486008,4.414737964294635,3.3921923846257034,3.4641016151377535,2.6730195725651034,0.882947592858927,-0.17364817766692986,-0.24373868681029337,-0.9270509831248414,-1.3680805733026722,-1.953655642446367
